# id	file_path	transparent_color_r	g	b
[TEXTURES]
0	textures\overworld-icons-2.png	64	128	0
55	textures\status_bar.png	255	0	255
56	textures\power_state.png	175	232	226
1	textures\black-background.png	255	255	255

# id	left	top	right	bottom	texture_id
[SPRITES]
#==================MARIO==================
# small
181	1	9	15	25	0
182	16	9	30	25	0

# big
183	48	4	64	25	0
184	31	4	47	25	0

# raccoon
185	99	1	115	25	0
186	116	1	132	25	0

# fire
187	65	4	81	25	0
188	82	4	98	25	0

#==========OVERWORLD MAP OBJECTS==========
# tussock
121	1	26	17	42	0
122	18	26	34	42	0
123	35	26	51	42	0
124	52	26	68	42	0

# help bubble
125	115	60	131	74	0
126	135	60	151	74	0

# gatekeeper
# right
127	239	43	255	59	0
128	256	43	272	59	0
# left
129	273	43	289	59	0
130	290	43	306	59	0

#=============FINISHED SCENE==============
1100	137	16	153	32	60

#=================HUD BAR=================
1009	3	3	155	31	55

#===============ITEM BOX SET==============
1038	163	3	235	31	55

#=======BLACK AND WHITE ITEM IN BOX=======
# star
1039	239	39	255	55	55
# mushroom
1040	191	39	207	55	55
# flower
1041	215	39	231	55	55
# empty
1042	167	39	183	55	55

#================HUD NUMBER===============
# num 0
1010	33	32	41	39	55
# num 1
1011	43	32	51	39	55
# num 2
1012	53	32	61	39	55
# num 3
1013	63	32	71	39	55
# num 4
1014	73	32	81	39	55
# num 5
1015	83	32	91	39	55
# num 6
1016	93	32	101	39	55
# num 7
1017	103	32	111	39	55
# num 8
1018	113	32	121	39	55
# num 9
1019	123	32	131	39	55

#===============POWER STATE===============
# tier_0
1020	2	2	66	9	56
# tier_1
1021	2	11	66	18	56
# tier_2
1022	2	20	66	27	56
# tier_3
1023	2	29	66	36	56
# tier_4
1024	2	38	66	45	56
# tier_5
1025	2	47	66	54	56
# tier_6
1026	2	56	66	63	56
# tier_7
1027	2	65	66	72	56

#=============BLACK BACKGROUND============
11111	0	0	400	32	1

# ani_id	sprite1_id	time1	sprite2_id	time2	...
[ANIMATIONS]
# ============= MARIO =============
1	181	100	182	100
2	183	100	184	100
3	185	100	186	100
4	187	100	188	100

# ===== OVERWORLD MAP OBJECTS ====
# TUSSOCK
5	121	250	122	250	123	250	124	250
# HELP BUBBLE
6	125	850	126	200
# GATEKEEPER
# right
7	127	100	128	100
# left
8	129	100	130	100

# ==== FINISHED SCENE ====
1100	1100	100

# ====== BLACK AND WHITE ITEM IN BOX ======
# normal star
934	1039	100
# flicker star
935	1039	350	1042	150
# nomal mushroom
936	1040	100
# flicker mushroom
937	1040	350	1042	150
# flower
938	1041	100
# flicker flower
939	1041	350	1042	150

# ===== POWER STATE =====
# tier_0
920	1020	100
# tier_1
921	1021	100
# tier_2
922	1022	100
# tier_3
923	1023	100
# tier_4
924	1024	100
# tier_5
925	1025	100
# tier_6
926	1026	100
# tier_7
927	1027	150	1026	150

#
# id	ani1	ani2	ani3
#
[ANIMATION_SETS]
# MARIO
1	1	2	3	4
# FINISHED SCENE
2	1100
# OVERWORLD MAP OBJECTS
3	5	6	7	8
# P-METER
20	920	921	922	923	924	925	926	927
# BLACK AND WHITE ITEM IN BOX
21	934	935	936	937	938	939

[OBJECTS]
# type	x	y	ani_set_id	extra_settings per object type

# MARIO
#0	1380	360	1
0	33	56	1

# OVERWORLD MAP OBJECTS
# help bubble
31	208	104	3
# gatekeeper
32	168	120	3
# tussock
30	16	24	3
30	32	24	3
30	48	24	3
30	16	40	3
30	32	40	3
30	48	40	3
30	16	72	3
30	32	72	3
30	48	72	3
30	16	88	3
30	32	88	3
30	48	88	3
30	16	104	3
30	80	40	3
30	96	40	3
30	112	40	3
30	80	56	3
30	96	56	3
30	112	56	3
30	80	72	3
30	96	72	3
30	112	72	3
30	96	104	3
30	112	104	3
30	128	104	3
30	144	40	3
30	160	40	3
30	176	40	3
30	144	72	3
30	160	72	3
30	176	72	3
30	192	72	3
30	144	88	3
30	160	88	3
30	208	24	3
30	208	40	3
30	208	56	3
30	208	72	3
30	224	24	3
30	224	40	3
30	224	56	3
30	224	72	3
30	224	88	3
30	224	104	3
30	224	120	3
30	224	136	3
30	224	152	3

# MAP POINT
#type	x	y	aniset	sceneID	left	right	above	under	id
51	32	56	2	1	0	1	0	0	1
51	64	24	2	1	0	1	0	1	2
51	64	56	2	0	1	0	1	0	3
#51	64	72	2	0	0	0	0	1	4
51	64	88	2	0	0	1	1	1	5
51	64	120	2	0	0	0	1	1	6
51	64	152	2	5	0	1	1	0	7
51	96	24	2	0	1	1	0	0	8
51	96	88	2	0	1	1	0	0	9
51	96	120	2	0	0	1	0	0	10
51	96	152	2	0	1	1	0	0	11
51	128	24	2	2	1	1	0	1	12
51	128	56	2	0	0	1	1	1	13
51	128	88	2	0	1	0	1	0	14
51	128	120	2	0	1	1	0	1	15
51	128	152	2	6	1	0	1	0	16
51	160	24	2	3	1	1	0	0	17
51	160	56	2	4	1	1	0	0	18
51	160	120	2	0	1	1	0	0	19
51	192	24	2	0	1	0	0	1	20
51	192	56	2	0	1	0	1	0	21
51	192	120	2	0	1	0	0	0	22


[TILEMAP]
100	textures\overworld-map.png	data\overworld-map.txt	11	5	12	52	16	16
